0.337838  0.270270  0.256757  0.135135  0.240964  0.277108  0.289157  0.192771  0.189189  0.310811  0.283784  0.216216  0.300000  0.320000  0.200000  0.180000  
0.329114  0.265823  0.253165  0.151899  0.291667  0.277778  0.208333  0.222222  0.162162  0.270270  0.337838  0.229730  0.357143  0.214286  0.250000  0.178571  
0.338983  0.305085  0.288136  0.067797  0.210526  0.355263  0.236842  0.197368  0.192982  0.333333  0.228070  0.245614  0.285714  0.285714  0.214286  0.214286  
0.367089  0.240506  0.253165  0.139241  0.256098  0.304878  0.256098  0.182927  0.205479  0.315068  0.260274  0.219178  0.264151  0.283019  0.245283  0.207547  
0.481132  0.320755  0.094340  0.103774  0.205882  0.392157  0.205882  0.196078  0.346154  0.269231  0.192308  0.192308  0.347826  0.282609  0.239130  0.130435  
0.462810  0.347107  0.090909  0.099174  0.272727  0.354545  0.181818  0.190909  0.377358  0.264151  0.188679  0.169811  0.297872  0.340426  0.255319  0.106383  
0.322222  0.355556  0.244444  0.077778  0.241071  0.357143  0.232143  0.169643  0.231707  0.304878  0.280488  0.182927  0.294118  0.294118  0.215686  0.196078  
0.340426  0.361702  0.127660  0.170213  0.315789  0.294737  0.189474  0.200000  0.339623  0.301887  0.226415  0.132075  0.274510  0.352941  0.215686  0.156863  
0.407407  0.277778  0.259259  0.055556  0.202899  0.347826  0.231884  0.217391  0.153846  0.365385  0.250000  0.230769  0.225000  0.275000  0.225000  0.275000  
0.301205  0.216867  0.253012  0.228916  0.322034  0.271186  0.203390  0.203390  0.211765  0.188235  0.411765  0.188235  0.338710  0.145161  0.274194  0.241935  
0.355263  0.276316  0.236842  0.131579  0.236559  0.333333  0.290323  0.139785  0.194805  0.324675  0.272727  0.207792  0.240000  0.320000  0.220000  0.220000  
0.268376  0.289248  0.264783  0.177593  0.260716  0.293474  0.262609  0.183200  0.257363  0.294653  0.262225  0.185759  0.270298  0.289518  0.262314  0.177871  
0.281151  0.262298  0.262203  0.194348  0.290159  0.258617  0.257648  0.193575  0.269029  0.258717  0.268927  0.203327  0.284357  0.260293  0.264161  0.191189  
0.254113  0.327220  0.250173  0.168494  0.248254  0.325779  0.241111  0.184856  0.249782  0.323496  0.239200  0.187522  0.259581  0.321324  0.244784  0.174311  
0.285148  0.280784  0.254572  0.179496  0.273032  0.287004  0.254438  0.185526  0.267494  0.289512  0.254212  0.188782  0.274672  0.285837  0.254103  0.185389  
0.366277  0.334838  0.154385  0.144500  0.319263  0.330668  0.186642  0.163427  0.355433  0.322734  0.171055  0.150778  0.353679  0.323637  0.168175  0.154508  
0.372705  0.341485  0.147658  0.138152  0.348392  0.333386  0.172304  0.145918  0.368468  0.332285  0.161289  0.137958  0.358737  0.327748  0.164310  0.149205  
0.269057  0.338954  0.246644  0.145345  0.267460  0.333936  0.243540  0.155065  0.266952  0.330586  0.245543  0.156919  0.273321  0.333045  0.242962  0.150672  
0.320192  0.328353  0.177608  0.173846  0.319829  0.328879  0.182195  0.169096  0.324101  0.326786  0.180306  0.168807  0.321218  0.323792  0.184585  0.170406  
0.274728  0.319794  0.247351  0.158127  0.237823  0.321853  0.240143  0.200181  0.227199  0.324633  0.239036  0.209132  0.243954  0.315989  0.240226  0.199831  
0.291678  0.204989  0.287266  0.216068  0.296290  0.211190  0.276152  0.216368  0.275357  0.201805  0.313027  0.209811  0.288778  0.199553  0.294462  0.217206  
0.269294  0.309272  0.257903  0.163531  0.252999  0.315468  0.262733  0.168801  0.249011  0.317094  0.260493  0.173402  0.256619  0.314811  0.258145  0.170424  
0.263738  0.291814  0.263205  0.181243  0.263439  0.292034  0.262965  0.181562  0.263286  0.292154  0.262848  0.181713  0.264068  0.291730  0.263131  0.181071  
0.280964  0.260109  0.262992  0.195936  0.281840  0.260084  0.262774  0.195302  0.280227  0.259633  0.263693  0.196447  0.280623  0.260256  0.263258  0.195863  
0.251449  0.325307  0.243881  0.179363  0.252085  0.324662  0.243291  0.179961  0.252515  0.324442  0.243326  0.179716  0.252683  0.324747  0.244078  0.178493  
0.276306  0.285193  0.254383  0.184118  0.275017  0.285840  0.254353  0.184790  0.274440  0.286123  0.254333  0.185104  0.275214  0.285734  0.254348  0.184703  
0.348867  0.331196  0.167735  0.152202  0.343137  0.328515  0.173171  0.155177  0.349111  0.329234  0.168927  0.152728  0.348754  0.329304  0.169286  0.152656  
0.362496  0.336475  0.159103  0.141926  0.360648  0.334318  0.162053  0.142980  0.363112  0.335277  0.159568  0.142044  0.361861  0.334918  0.161300  0.141922  
0.268306  0.334665  0.244985  0.152045  0.268721  0.334217  0.244655  0.152407  0.268759  0.333996  0.244715  0.152529  0.268969  0.334515  0.244772  0.151745  
0.320734  0.327567  0.180799  0.170899  0.321031  0.327299  0.180867  0.170803  0.321103  0.327555  0.180525  0.170817  0.321068  0.327485  0.180904  0.170543  
0.250444  0.321409  0.242797  0.185349  0.244180  0.320805  0.241367  0.193648  0.242260  0.320878  0.240994  0.195868  0.245422  0.320403  0.241539  0.192637  
0.287885  0.204284  0.293021  0.214810  0.289019  0.204917  0.290955  0.215108  0.285280  0.203822  0.297136  0.213762  0.287171  0.203701  0.294457  0.214671  
0.258320  0.313565  0.259883  0.168232  0.256202  0.314383  0.260299  0.169117  0.255838  0.314568  0.260228  0.169366  0.256829  0.314194  0.260072  0.168905  
0.263586  0.291949  0.263038  0.181427  0.263588  0.291957  0.263021  0.181434  0.263588  0.291961  0.263013  0.181438  0.263611  0.291937  0.263043  0.181408  
0.280958  0.260004  0.263152  0.195886  0.280978  0.260035  0.263137  0.195850  0.280874  0.259975  0.263231  0.195920  0.280907  0.260011  0.263168  0.195915  
0.252034  0.324823  0.243555  0.179588  0.252171  0.324762  0.243579  0.179488  0.252207  0.324757  0.243606  0.179429  0.252124  0.324817  0.243636  0.179423  
0.275371  0.285659  0.254358  0.184611  0.275235  0.285727  0.254355  0.184683  0.275175  0.285757  0.254353  0.184715  0.275257  0.285716  0.254355  0.184672  
0.347040  0.329955  0.169752  0.153253  0.346648  0.329370  0.170416  0.153566  0.347350  0.329733  0.169726  0.153191  0.347291  0.329722  0.169759  0.153228  
0.361847  0.335463  0.160387  0.142302  0.361831  0.335195  0.160653  0.142320  0.362016  0.335415  0.160343  0.142226  0.361956  0.335269  0.160460  0.142314  
0.268616  0.334330  0.244785  0.152269  0.268672  0.334324  0.244768  0.152236  0.268681  0.334313  0.244770  0.152236  0.268656  0.334359  0.244788  0.152197  
0.320945  0.327455  0.180806  0.170793  0.320958  0.327469  0.180788  0.170784  0.320951  0.327473  0.180771  0.170805  0.320971  0.327457  0.180780  0.170792  
0.246303  0.321048  0.241863  0.190786  0.245276  0.320857  0.241608  0.192259  0.244950  0.320823  0.241533  0.192693  0.245499  0.320847  0.241652  0.192002  
0.287308  0.204171  0.293943  0.214578  0.287518  0.204243  0.293590  0.214649  0.286891  0.204103  0.294597  0.214408  0.287163  0.204108  0.294197  0.214532  
0.256950  0.314111  0.260104  0.168834  0.256685  0.314217  0.260148  0.168950  0.256645  0.314235  0.260151  0.168969  0.256768  0.314186  0.260133  0.168913  
0.263590  0.291953  0.263028  0.181429  0.263592  0.291952  0.263027  0.181428  0.263593  0.291952  0.263027  0.181428  0.263592  0.291952  0.263029  0.181428  
0.280934  0.260006  0.263170  0.195889  0.280935  0.260008  0.263168  0.195889  0.280923  0.260004  0.263178  0.195894  0.280932  0.260005  0.263171  0.195892  
0.252132  0.324785  0.243582  0.179501  0.252141  0.324785  0.243592  0.179482  0.252141  0.324786  0.243595  0.179478  0.252129  0.324790  0.243590  0.179490  
0.275273  0.285708  0.254356  0.184663  0.275259  0.285716  0.254355  0.184670  0.275252  0.285719  0.254355  0.184674  0.275261  0.285715  0.254355  0.184669  
0.346970  0.329722  0.169964  0.153345  0.346999  0.329634  0.170009  0.153358  0.347043  0.329710  0.169927  0.153320  0.347036  0.329706  0.169935  0.153323  
0.361868  0.335347  0.160483  0.142303  0.361893  0.335322  0.160487  0.142297  0.361893  0.335350  0.160462  0.142295  0.361897  0.335339  0.160474  0.142290  
0.268655  0.334326  0.244776  0.152243  0.268658  0.334329  0.244776  0.152237  0.268659  0.334329  0.244776  0.152236  0.268654  0.334330  0.244777  0.152238  
0.320955  0.327463  0.180791  0.170791  0.320955  0.327463  0.180789  0.170792  0.320954  0.327464  0.180790  0.170793  0.320955  0.327464  0.180788  0.170792  
0.245622  0.320925  0.241695  0.191757  0.245457  0.320886  0.241652  0.192005  0.245404  0.320876  0.241639  0.192082  0.245495  0.320890  0.241661  0.191955  
0.287215  0.204155  0.294090  0.214540  0.287251  0.204164  0.294032  0.214554  0.287149  0.204145  0.294194  0.214513  0.287189  0.204148  0.294132  0.214531  
0.256781  0.314180  0.260131  0.168908  0.256748  0.314193  0.260137  0.168923  0.256743  0.314195  0.260137  0.168925  0.256758  0.314189  0.260135  0.168918  
0.263592  0.291952  0.263028  0.181428  0.263592  0.291952  0.263028  0.181428  0.263592  0.291952  0.263028  0.181428  0.263592  0.291952  0.263028  0.181428  
0.280931  0.260006  0.263172  0.195891  0.280932  0.260006  0.263171  0.195891  0.280930  0.260006  0.263173  0.195892  0.280931  0.260006  0.263172  0.195891  
0.252137  0.324786  0.243589  0.179488  0.252137  0.324786  0.243590  0.179487  0.252137  0.324787  0.243590  0.179487  0.252136  0.324786  0.243589  0.179488  
0.275263  0.285714  0.254355  0.184668  0.275261  0.285714  0.254355  0.184669  0.275260  0.285715  0.254355  0.184670  0.275261  0.285714  0.254355  0.184669  
0.346993  0.329691  0.169972  0.153344  0.347009  0.329682  0.169968  0.153341  0.347005  0.329693  0.169963  0.153339  0.347004  0.329692  0.169964  0.153340  
0.361882  0.335338  0.160482  0.142299  0.361887  0.335337  0.160479  0.142297  0.361884  0.335340  0.160479  0.142298  0.361886  0.335339  0.160478  0.142297  
0.268657  0.334328  0.244776  0.152239  0.268657  0.334329  0.244776  0.152239  0.268657  0.334329  0.244776  0.152239  0.268657  0.334328  0.244776  0.152239  
0.320955  0.327463  0.180790  0.170792  0.320955  0.327463  0.180790  0.170792  0.320955  0.327463  0.180790  0.170792  0.320955  0.327463  0.180790  0.170792  
0.245513  0.320900  0.241666  0.191921  0.245487  0.320892  0.241659  0.191961  0.245478  0.320890  0.241657  0.191974  0.245493  0.320893  0.241661  0.191953  
0.287200  0.204153  0.294113  0.214534  0.287206  0.204154  0.294104  0.214536  0.287190  0.204151  0.294130  0.214530  0.287196  0.204152  0.294120  0.214532  
0.256760  0.314188  0.260135  0.168918  0.256756  0.314190  0.260135  0.168919  0.256755  0.314190  0.260135  0.168920  0.256757  0.314189  0.260135  0.168919  
0.263592  0.291952  0.263028  0.181428  0.263592  0.291952  0.263028  0.181428  0.263592  0.291952  0.263028  0.181428  0.263592  0.291952  0.263028  0.181428  
0.280931  0.260006  0.263172  0.195891  0.280931  0.260006  0.263172  0.195891  0.280931  0.260006  0.263172  0.195891  0.280931  0.260006  0.263172  0.195891  
0.252137  0.324786  0.243590  0.179487  0.252137  0.324786  0.243590  0.179487  0.252137  0.324786  0.243590  0.179487  0.252137  0.324786  0.243590  0.179487  
0.275261  0.285714  0.254355  0.184669  0.275261  0.285714  0.254355  0.184669  0.275261  0.285714  0.254355  0.184669  0.275261  0.285714  0.254355  0.184669  
0.347001  0.329688  0.169969  0.153342  0.347004  0.329688  0.169967  0.153341  0.347002  0.329689  0.169968  0.153342  0.347002  0.329689  0.169968  0.153342  
0.361884  0.335338  0.160480  0.142298  0.361885  0.335338  0.160479  0.142298  0.361884  0.335338  0.160480  0.142298  0.361885  0.335338  0.160480  0.142298  
0.268657  0.334328  0.244776  0.152239  0.268657  0.334328  0.244776  0.152239  0.268657  0.334328  0.244776  0.152239  0.268657  0.334328  0.244776  0.152239  
0.320955  0.327463  0.180790  0.170792  0.320955  0.327463  0.180790  0.170792  0.320955  0.327463  0.180790  0.170792  0.320955  0.327463  0.180790  0.170792  
0.245496  0.320895  0.241662  0.191948  0.245491  0.320894  0.241661  0.191954  0.245490  0.320893  0.241660  0.191956  0.245492  0.320894  0.241661  0.191953  
0.287198  0.204152  0.294117  0.214533  0.287199  0.204152  0.294115  0.214533  0.287196  0.204152  0.294120  0.214532  0.287197  0.204152  0.294118  0.214533  
0.256757  0.314189  0.260135  0.168919  0.256757  0.314189  0.260135  0.168919  0.256757  0.314189  0.260135  0.168919  0.256757  0.314189  0.260135  0.168919  
0.263592  0.291952  0.263028  0.181428  0.263592  0.291952  0.263028  0.181428  0.263592  0.291952  0.263028  0.181428  0.263592  0.291952  0.263028  0.181428  
0.280931  0.260006  0.263172  0.195891  0.280931  0.260006  0.263172  0.195891  0.280931  0.260006  0.263172  0.195891  0.280931  0.260006  0.263172  0.195891  
0.252137  0.324786  0.243590  0.179487  0.252137  0.324786  0.243590  0.179487  0.252137  0.324786  0.243590  0.179487  0.252137  0.324786  0.243590  0.179487  
0.275261  0.285714  0.254355  0.184669  0.275261  0.285714  0.254355  0.184669  0.275261  0.285714  0.254355  0.184669  0.275261  0.285714  0.254355  0.184669  
0.347002  0.329688  0.169968  0.153342  0.347003  0.329688  0.169968  0.153342  0.347002  0.329688  0.169968  0.153342  0.347002  0.329688  0.169968  0.153342  
0.361885  0.335338  0.160480  0.142298  0.361885  0.335338  0.160480  0.142298  0.361885  0.335338  0.160480  0.142298  0.361884  0.335338  0.160480  0.142298  
0.268657  0.334328  0.244776  0.152239  0.268657  0.334328  0.244776  0.152239  0.268657  0.334328  0.244776  0.152239  0.268657  0.334328  0.244776  0.152239  
0.320955  0.327463  0.180790  0.170792  0.320955  0.327463  0.180790  0.170792  0.320955  0.327463  0.180790  0.170792  0.320955  0.327463  0.180790  0.170792  
0.245493  0.320894  0.241661  0.191952  0.245492  0.320894  0.241661  0.191953  0.245492  0.320894  0.241661  0.191953  0.245492  0.320894  0.241661  0.191953  
0.287197  0.204152  0.294118  0.214533  0.287197  0.204152  0.294117  0.214533  0.287197  0.204152  0.294118  0.214533  0.287197  0.204152  0.294118  0.214533  
0.256757  0.314189  0.260135  0.168919  0.256757  0.314189  0.260135  0.168919  0.256757  0.314189  0.260135  0.168919  0.256757  0.314189  0.260135  0.168919  
0.263592  0.291952  0.263028  0.181428  0.263592  0.291952  0.263028  0.181428  0.263592  0.291952  0.263028  0.181428  0.263592  0.291952  0.263028  0.181428  
0.280931  0.260006  0.263172  0.195891  0.280931  0.260006  0.263172  0.195891  0.280931  0.260006  0.263172  0.195891  0.280931  0.260006  0.263172  0.195891  
0.252137  0.324786  0.243590  0.179487  0.252137  0.324786  0.243590  0.179487  0.252137  0.324786  0.243590  0.179487  0.252137  0.324786  0.243590  0.179487  
0.275261  0.285714  0.254355  0.184669  0.275261  0.285714  0.254355  0.184669  0.275261  0.285714  0.254355  0.184669  0.275261  0.285714  0.254355  0.184669  
0.347002  0.329688  0.169968  0.153342  0.347002  0.329688  0.169968  0.153342  0.347002  0.329688  0.169968  0.153342  0.347002  0.329688  0.169968  0.153342  
0.361885  0.335338  0.160480  0.142298  0.361885  0.335338  0.160480  0.142298  0.361885  0.335338  0.160480  0.142298  0.361885  0.335338  0.160480  0.142298  
0.268657  0.334328  0.244776  0.152239  0.268657  0.334328  0.244776  0.152239  0.268657  0.334328  0.244776  0.152239  0.268657  0.334328  0.244776  0.152239  
0.320955  0.327463  0.180790  0.170792  0.320955  0.327463  0.180790  0.170792  0.320955  0.327463  0.180790  0.170792  0.320955  0.327463  0.180790  0.170792  
0.245492  0.320894  0.241661  0.191953  0.245492  0.320894  0.241661  0.191953  0.245492  0.320894  0.241661  0.191953  0.245492  0.320894  0.241661  0.191953  
0.287197  0.204152  0.294118  0.214533  0.287197  0.204152  0.294118  0.214533  0.287197  0.204152  0.294118  0.214533  0.287197  0.204152  0.294118  0.214533  
0.256757  0.314189  0.260135  0.168919  0.256757  0.314189  0.260135  0.168919  0.256757  0.314189  0.260135  0.168919  0.256757  0.314189  0.260135  0.168919  
0.263592  0.291952  0.263028  0.181428  0.263592  0.291952  0.263028  0.181428  0.263592  0.291952  0.263028  0.181428  0.263592  0.291952  0.263028  0.181428  
0.280931  0.260006  0.263172  0.195891  0.280931  0.260006  0.263172  0.195891  0.280931  0.260006  0.263172  0.195891  0.280931  0.260006  0.263172  0.195891  
0.252137  0.324786  0.243590  0.179487  0.252137  0.324786  0.243590  0.179487  0.252137  0.324786  0.243590  0.179487  0.252137  0.324786  0.243590  0.179487  
0.275261  0.285714  0.254355  0.184669  0.275261  0.285714  0.254355  0.184669  0.275261  0.285714  0.254355  0.184669  0.275261  0.285714  0.254355  0.184669  
0.347002  0.329688  0.169968  0.153342  0.347002  0.329688  0.169968  0.153342  0.347002  0.329688  0.169968  0.153342  0.347002  0.329688  0.169968  0.153342  
0.361885  0.335338  0.160480  0.142298  0.361885  0.335338  0.160480  0.142298  0.361885  0.335338  0.160480  0.142298  0.361885  0.335338  0.160480  0.142298  
0.268657  0.334328  0.244776  0.152239  0.268657  0.334328  0.244776  0.152239  0.268657  0.334328  0.244776  0.152239  0.268657  0.334328  0.244776  0.152239  
0.320955  0.327463  0.180790  0.170792  0.320955  0.327463  0.180790  0.170792  0.320955  0.327463  0.180790  0.170792  0.320955  0.327463  0.180790  0.170792  
0.245492  0.320894  0.241661  0.191953  0.245492  0.320894  0.241661  0.191953  0.245492  0.320894  0.241661  0.191953  0.245492  0.320894  0.241661  0.191953  
0.287197  0.204152  0.294118  0.214533  0.287197  0.204152  0.294118  0.214533  0.287197  0.204152  0.294118  0.214533  0.287197  0.204152  0.294118  0.214533  
0.256757  0.314189  0.260135  0.168919  0.256757  0.314189  0.260135  0.168919  0.256757  0.314189  0.260135  0.168919  0.256757  0.314189  0.260135  0.168919  
